20160201 54.87 54.71 376848
20160202 53.91 53 481958
20160203 53.28 52.16 514027
20160204 52.03 52 391712
20160205 51.95 50.16 531519
20160208 49.55 49.41 524674
20160209 49.01 49.28 405908
20160210 49.89 49.71 337139
20160211 48.68 49.69 432954
20160212 50.25 50.5 268508
20160216 50.9 51.09 262911
20160217 51.49 52.42 322163
20160218 52.32 52.19 224396
20160219 51.95 51.82 244706
20160222 52.28 52.65 201499
20160223 52.29 51.18 232291
20160224 50.7 51.36 282938
20160225 51.77 52.1 235226
20160226 52.6 51.3 309725
20160229 51.35 50.88 417479
20160301 50.97 52.58 278156
finished-20160201  16:00:00-20160301  16:00:00 -1 -1 -1
